0.79
0.36 0.31 
0.96 0.74 0.38 
0.89 0.58 0.31 0.90 
0.79 0.58 0.30 0.78  0.79 
0.76 0.55 0.35 0.75  0.74 0.73 
0.26 0.19 0.58 0.25  0.25 0.18 0.24 
0.21 0.07 0.28 0.20  0.18 0.18 0.29 -0.04
0.26 0.16 0.33 0.22  0.23 0.23 0.25  0.49 -0.34
0.07 0.21 0.38 0.08 -0.02 0.00 0.10  0.44 -0.16 0.23 
0.52 0.41 0.35 0.53  0.48 0.38 0.44  0.30 -0.05 0.50 0.24 
0.77 0.47 0.41 0.79  0.79 0.69 0.67  0.32  0.23 0.31 0.10 0.62 
0.25 0.17 0.64 0.27  0.27 0.14 0.16  0.51  0.21 0.15 0.31 0.17 0.26 
0.51 0.35 0.58 0.57  0.51 0.26 0.38  0.51  0.15 0.29 0.28 0.41 0.50 0.63 
0.21 0.16 0.51 0.26  0.23 0.00 0.12  0.38  0.18 0.14 0.31 0.18 0.24 0.50 0.65
